4494
44949
44973
4498
44981
44982
44983
44984
45007
45078
45148
45163
45204
4523
4524
45297
45313
45420
45421
45472
45483
45547
45549
45661
45662
4570
45710
45711
45715
45716
45717
45752
45766
4577
45782
45837
4586
45895
4590
45925
45950
46001
46016
46019
46020
46025
46028
46029
46030
46038
46087
46107
46122
46156
46201
46204
46325
46368
46387
46390
4640
46405
4641
46415
46416
46417
46418
46420
46424
46434
46436
46439
46440
46441
46443
46444
46447
46508
46533
46550
46567
46568
46569
46573
46580
46582
46615
46622
46636
46638
46641
46643
46650
46658
46659
46673
46696
46697
46699
46700
46701
46703
46704
46724
46727
46730
46739
46765
46766
46768
46771
46774
46778
46779
46784
46785
46794
46806
46808
46812
46814
46815
46816
46825
46827
46831
46833
46834
46835
46836
46839
46842
46844
46850
46853
46857
46858
46859
46860
46861
46862
46864
46865
46866
46869
46870
46871
46872
46873
46875
46877
46878
46882
46885
46888
46891
46892
46893
46894
46895
46897
46908
46909
46920
46947
46948
46949
46953
46954
46965
46966
46967
46968
46970
46972
46978
46989
46993
46995
46996
46997
46999
47010
47018
47030
47038
47039
47050
47058
4706
47103
47106
4711
47151
47152
4717
4718
47190
47192
47193
47206
47207
47252
47256
47259
47291
47293
47310
47311
47312
47320
47321
47340
47342
47343
47344
47346
47347
47348
47349
47350
47351
47352
47356
47357
47359
47360
47361
47366
47367
47368
47375
47376
47377
47380
47381
47382
47383
47385
47386
47387
47389
47390
47391
47392
4740
47462
47463
47474
47475
47480
47489
4749
47496
47540
47554
47560
47566
47567
47597
47598
47599
47600
47601
47605
47608
47609
47612
47618
47620
47623
47818
47819
47824
47828
47834
4797
4798
48000
48001
48005
48009
48304
48360
48361
4850
4854
48636
48640
48642
48646
48647
48649
48651
48652
4900
49000
4901
49011
4903
49048
49049
4905
49073
49074
4908
49080
49087
49116
4915
49154
49157
4916
49173
49176
4918
4919
49224
49302
49319
49325
49326
49330
49333
4940
49402
49504
49506
4954
49544
4957
49589
49619
4962
4965
49701
49703
49704
49705
49710
49711
49750
49752
49755
49760
49823
49837
49863
49867
49869
49970
49971
49972
49973
49974
49975
49976
49977
49978
49979
5000
50008
50014
5002
50021
50025
5005
50098
50099
5012
50124
50125
50139
5014
50140
50148
50151
50153
50163
50169
50171
50192
50198
50199
5020
50241
50242
50245
50247
5025
50256
50321
50326
50335
50336
50360
50366
50371
50375
50385
50386
50416
5042
5044
50459
50471
50478
50480
50483
50484
50533
50545
50546
50613
50614
50616
50619
5063
50630
50633
50654
50757
50764
50915
50916
50917
50918
50919
50927
50931
50938
50941
50942
50943
50944
50945
50946
50963
50965
50966
50967
50968
50969
50970
50971
50972
50973
50974
50975
50976
50984
50985
50999
51012
51013
51021
51026
51043
51044
51046
51050
51052
51060
51065
51066
51068
51071
51072
51073
51074
51079
51092
51097
51105
51110
51111
51126
51130
51132
51146
51149
51151
51167
51168
51170
51181
51182
51184
5119
51191
51192
51193
51194
51197
51198
51199
51201
51203
51208
51211
51212
51218
51223
51228
51230
51232
51233
51234
51239
5124
5128
5139
5147
51502
51504
51604
51619
51621
51627
51630
51641
52050
52051
52062
52064
52066
52073
52086
52088
52091
52092
52094
52095
52096
52098
52099
52100
52101
52106
52118
52133
52135
52139
5214
52143
52145
52146
52148
52149
52154
52157
52160
52167
52171
52172
52174
52176
52177
52178
52179
52180
52181
52182
52183
5219
52205
52307
52311
52334
52335
52336
52403
52404
52405
52412
5245
5250
5251
52884
53007
53011
53012
53015
53019
53025
53030
53032
53041
53042
53048
53056
53058
53059
53060
53100
53116
53122
53127
53130
53140
53141
53143
53146
53147
53160
5325
5330
53444
53445
53446
53500
54053
54105
54209
54210
5500
5501
55017
55028
5504
55108
55125
55130
55135
55136
55142
5530
5531
5532
5533
5534
5535
56033
56084
56115
56128
56156
56162
56169
56173
56619
56647
56652
56661
58006
58110
58151
58152
58154
58159
58160
58166
58215
58220
58230
58243
58245
58246
58247
58248
58260
58261
58264
58265
58266
58267
58270
58271
58274
58278
58280
58285
58286
58293
58294
58306
58307
58328
58343
58344
58350
58351
58488
58489
59018
59028
59032
59033
59066
59071
59075
59076
59077
59078
59080
59081
59085
59086
59090
59101
59124
59126
59128
59130
59138
59143
59151
59154
59158
59159
59160
59163
59164
59165
59166
59167
59168
59173
59212
59215
59216
59217
59218
59222
59223
59227
59229
59230
59233
59247
59248
59249
59250
59252
59253
59254
59256
59269
59270
59280
59283
5931
59323
59331
59332
59333
59334
59335
59336
59340
59343
59364
59901
59993
60015
60045
60046
60236
60244
60251
60285
60293
60294
6040
6041
6042
6043
6044
6045
6046
6047
6048
60515
60707
60709
60710
60716
60718
60719
60721
60722
60723
60748
60790
60832
60833
60836
60842
60846
60857
60869
60873
60874
60875
60878
60887
60888
60890
60891
60892
60893
60894
60895
60896
60897
60898
60899
60900
60901
60902
60907
60908
60909
60910
60912
60913
60914
60928
60929
60930
60931
60932
60934
60936
60937
60938
60939
60943
60945
60946
60954
60955
60956
60958
60963
60964
60965
60968
60979
60980
60988
60999
61006
61007
6102
61021
61025
61027
6103
61034
6104
6105
61053
6106
61065
61089
61092
61093
61101
61125
61162
61200
61204
61206
61215
61229
61231
61233
61238
61244
61245
61248
61250
61251
61252
61261
61270
61272
61274
61282
61283
61285
61288
61289
61291
61300
61302
61303
61305
61327
61341
61354
61356
61358
61363
61368
61371
6139
6141
61416
6142
61421
61424
6143
6145
6149
6152
6153
6175
62000
62007
62012
62103
62120
62128
62131
62145
62171
62179
62180
62191
62303
62306
6238
62386
62396
62401
62403
62432
6244
6245
6246
62473
62474
62485
62488
62489
62497
62499
6250
62501
6253
6256
6258
6260
6261
6277
6278
6282
6300
63007
6302
6305
63101
63114
63140
63144
63150
63151
63159
63161
63163
6321
6322
63238
6326
6331
63321
63322
63323
6333
63339
63340
63400
63401
63407
6341
63435
6344
63440
63451
63460
63464
63473
63474
63476
63477
63478
63485
63486
63501
63503
63509
63514
63521
63526
63528
63529
63532
63544
63545
63551
63556
63559
6357
6358
63580
63581
63582
63585
63586
63592
63593
63597
63606
6361
63613
63623
63627
63628
63629
6363
63632
63634
63639
63643
63645
63648
63653
63657
6366
6371
63717
63725
63729
63730
63732
63739
63791
64000
64001
64061
64066
64074
64102
64104
64128
64139
64146
64166
64179
64196
64200
64214
64246
64248
64251
64265
64266
64400
64404
64424
64435
64436
64445
64449
64450
64464
64491
64492
64499
64509
64518
64520
64705
6495
65008
65017
65043
65044
65055
65056
65059
65064
65067
65070
65077
65079
65084
65088
65097
6511
65122
65123
65135
65136
65138
65139
65140
65143
65145
65147
65158
65161
65164
65165
65172
65177
65178
65213
65235
65241
65298
65299
65302
65311
65322
65324
65326
65327
65328
65420
65555
6565
6566
6567
6594
6595
66009
66026
66027
66028
66031
66035
66084
66105
66107
66124
66126
66127
66168
66172
66202
66211
66241
66248
66250
66295
66314
66320
66324
66325
66332
66345
66346
66349
66350
66352
66369
66386
66390
66391
66392
66393
66394
66413
66432
66433
66445
66447
66462
66463
66465
66466
66469
66470
66480
66481
66482
66484
66485
66486
66492
66493
66495
66499
66505
66511
66518
66549
66550
66554
66558
66580
66583
66587
66670
66672
66673
66675
66682
66702
66710
66746
66764
66765
66770
66771
66775
66783
66784
66793
66864
66895
66896
66907
66912
66922
66944
66960
66984
66985
66994
67018
67024
67026
67031
67060
67092
67112
67113
67115
67117
67118
67119
67123
67125
67144
67146
67147
67148
67154
67163
67164
67409
67414
67416
67417
67507
67533
67534
67547
67552
67553
67554
67555
67556
67563
67573
67574
67575
67576
67577
67584
67586
67591
67594
67596
67599
67601
67608
67609
67613
67616
67619
67620
67623
67624
67632
67633
67634
67637
67643
67646
67655
67660
67663
67693
67694
67700
67701
67712
67713
67721
67722
67734
67736
67739
67741
67745
67749
67750
67753
67766
67771
67774
67794
67795
67796
67797
67798
67800
67801
67802
67807
67808
67814
67818
67819
67832
67836
67888
67891
67893
67894
67896
67898
67899
67900
67901
67906
67908
67914
67916
67921
67930
67948
67949
67950
67951
67953
67972
67973
67977
67978
67980
67996
67997
68000
68029
68106
68116
68124
68125
68131
68137
68138
68149
68162
68170
68172
68187
68188
68193
68200
68204
68234
68243
68265
68266
68274
68275
68306
68322
68331
68335
68343
68348
68350
68397
68440
68441
68444
68445
68448
68449
68470
68471
68480
68484
68491
68492
68493
68497
6856
68585
69000
69026
69038
69039
69062
69098
69117
69119
69121
69122
69123
69140
69169
69170
69173
69236
69238
69239
69246
69251
69257
69258
69275
69286
69289
69310
69312
69320
69383
69411
69414
69427
69435
69447
69448
69461
69465
69469
69472
69474
69488
69519
69523
69587
69607
69622
69623
69632
69651
69653
69664
69670
69671
69672
69674
69678
69682
69689
69690
69695
69697
69698
69703
69706
69714
69719
69720
69722
69725
69730
69735
69737
69740
69741
69742
69744
69746
69750
69753
69756
69757
69789
69810
69814
69815
69840
69850
69855
69856
69872
69877
69878
69884
69889
69923
69937
69938
69964
69970
69972
69973
69981
69984
69989
69993
70008
70012
70024
70028
70030
70066
70067
70073
70074
7014
70152
70156
70195
7021
7024
7026
7031
7032
70370
70646
70702
70704
70705
70706
70707
70711
70721
70732
70734
70736
70737
70739
70740
70741
70745
70756
70762
70763
70785
70793
71015
71033
71037
71044
71054
71055
71071
71154
71155
71156
71157
71159
71160
71162
71190
71191
71192
71202
71203
71225
71226
71227
71314
71344
71377
71397
71398
71399
71403
71404
71407
71450
71452
71502
71520
71527
71533
71535
71570
71586
71702
72000
72019
72026
72077
72088
72090
72108
72109
72116
72123
72205
72318
72320
72400
72405
72408
72410
72411
72507
72514
72515
72530
72536
72537
72541
72542
72544
72546
72547
72548
72565
72614
72616
72641
72645
72647
72663
72674
72675
72676
72733
72734
72743
72817
72873
72878
73002
73006
73014
73045
7305
7307
73127
73128
7313
73138
73147
73149
73150
73153
73154
73158
73159
73160
73162
73163
73164
73165
73166
73167
73168
73169
73170
73171
73172
73173
73174
73175
73176
73177
73178
73179
73180
73181
73182
73184
73185
73192
73194
73195
73196
73197
73198
73199
73207
73223
73225
73249
7325
73252
73253
73255
73256
73257
73258
73259
73260
73261
73262
73264
73265
73266
73267
73268
73269
73270
73271
73272
73273
73274
73275
73276
73277
73278
73279
7328
73280
7329
7331
73317
73318
73319
73348
73349
73350
73351
73352
73356
73358
73360
73365
73369
73371
73374
73400
73411
73415
73431
73433
73434
73443
73444
73445
73449
73507
73510
73802
73850
73978
73979
73984
73988
73989
73999
74044
74078
74079
74081
74102
74138
74152
74153
74154
74312
74334
74336
74348
74391
74432
74480
74500
74538
74545
74566
74606
74611
74748
74817
74819
74829
75210
75230
75296
75300
75301
75302
75303
75304
75305
75306
75309
75310
75311
75313
75314
75315
75319
75324
75331
75367
75472
75498
75532
75538
75625
75810
75997
75998
76178
76184
76457
76465
76470
76472
76480
76487
76504
76542
76594
76596
76597
76633
76637
76639
76710
76720
76721
76937
77007
77100
77120
77163
77241
77248
77289
77322
77427
77428
77434
77440
77441
77443
77444
77462
77466
77467
77749
77783
77787
77791
77794
77795
77796
77799
77984
78031
78037
78070
78071
78073
78129
78132
78330
78357
78372
78510
78516
78524
78567
78595
7867
78781
78782
78843
78849
78861
78967
78975
78983
79006
79007
79012
79021
79035
79052
79053
79054
79060
79063
79069
79080
79083
79113
79136
79144
79179
79193
79195
79199
79201
79202
79217
79218
79260
79261
79262
79344
79358
79406
79407
79408
79424
79425
79427
79428
79429
79431
79433
79435
79438
79441
79446
79447
79448
79449
79453
79456
79458
79462
79463
79468
79470
79473
79475
79476
79490
79491
79493
79494
79495
79497
79498
79501
79506
79507
79522
79523
79525
79526
79529
79531
79576
79578
79580
79581
79582
79593
79594
79600
79603
79604
79616
79621
79623
79631
79632
79633
79637
79651
79655
79656
79659
79660
79661
79662
79663
79664
79666
79667
79673
79675
79676
79677
79678
79679
79704
79706
79707
79710
79711
79712
79713
79715
79717
80016
80057
80100
80135
80151
80177
80221
80253
80264
80265
80266
80267
80272
80276
80277
80279
80285
80286
80287
80290
80295
80296
80302
80308
80313
80317
80320
80321
80322
80327
80339
80341
80346
80347
80353
8038
80395
80396
80397
80398
80399
80409
80412
80418
80421
80422
80423
80424
80425
80426
80427
80428
80429
80430
80431
80433
80434
80435
80436
80437
80439
8044
80440
80441
80443
80444
80445
80447
80448
80449
80450
80454
80462
80463
80465
80468
8047
8050
80644
80692
80693
80707
80771
80781
80782
80784
80794
80795
80849
80858
80859
80862
80870
80879
80884
80887
80892
80893
80894
80895
80908
80939
80942
80980
80981
81055.1
81055.2
81055.3
81200.1
81200.2
81200.3
81204.1
81204.2
81204.3
81204.4
8122
81220.1
81220.2
81220.3
81220.4
81226.1
81226.2
81226.3
81234.1
81234.2
81234.3
81234.4
81234.5
81241.1
81241.2
81241.3
81241.4
81241.5
81276.1
81276.2
81276.3
81276.4
81297
81307
81340
81418
81422
81443
81467
81479
81481
81485
81487
81617
81649.1
81649.2
81649.3
81649.4
81649.5
81649.6
81704
81745
81790.1
81790.2
81790.3
81790.4
81790.5
81790.6
81928
81931
82032
82070
82090
82098
82099
82117
82122
82130
82150
82190
82199
82219
82220
82221
82227
82232
82255
82277
82279
82287
82290
82295
82302
82322
82328
82331
82332
82352
82365
82380.1
82380.2
82404
82412
82417
82439
82464
82491
82496.1
82496.2
82509
82511
82551
82576
82585
82599
82609
82626
82640
82649
82651
82655
82656
82662
82665
82718
82728
82731
82732
82735
82744
82753
82757
82759
82765
82786
82787
82788
82830.1
82830.2
82839
82842
82886
82892
82894
82900
82905
82907
82908
82920
82931
82933
82938
82961
82975
83056
83116
83202.1
83202.2
83203.1
83203.2
83223
83230
83231.1
83231.2
83232.1
83232.2
83258
83275.1
83275.2
83277
83284
83286
83292
83311
83317
83327
83333
83346
83359
83366
83374
83396
83436
83437
83452
83490
83547
83548.1
83548.2
83558
83559
83560
83573
83594
83600
83613.1
83613.2
83789
83843.1
83843.2
83858.1
83858.2
83864
83868
83869
83886
83908
83965
83990
83995
84284
84287
84289
84290
84358
84429
84458
8447
8448
84482
84503
8453
84582
84597
84629
84630
84638
84643
84645
84654
84663
84676
84684
84688
84692
84698
84706
84710
84736
84754
84785
84900
84904
84916
84930
84937
84939
84940
84955
84971
84981
85001
85786
85787
85788
85792
85793
85795
86008
86012
86015
86026
86027
86029
86033
86039
86040
86046
86076
86077
86086
86088
86089
8611
86112
86117
86118
86119
86131
86154
86155
86167
86168
86174
8618
86190
86198
86202
86205
86215
86226
86227
86231
86232
86236
86245
86257
86258
86259
86276
86288
86290
8631
8645
86464
86466
86467
86468
86469
8647
8648
86481
86491
86494
86495
86496
86503
86504
86505
86510
86511
86514
86526
86527
86546
86547
86552
86553
86559
86587
86588
86641
86642
86643
86644
86652
86653
86687
86707
86711
86713
86758
86764
86799
86809
86817
86833
86840
86847
86886
86887
86998
8713
8714
8715
87191
8722
8723
87271
8729
87342
87540
87542
87597
87598
87599
87601
87602
87603
87604
87607
87610
87616
87677
87683
87685
87686
87692
87723
87731
87734
87770
87811
88180
89804
90080
9018
90303
90309
90319
90326
9034
9040
90404
9049
90531
90539
9054
9057
9058
90793
90794
90795
90947
91419
9149
9158
9170
9187
9188
91888
91889
9189
9190
9191
9192
9193
9210
92116
9216
9222
9242
9246
9257
9259
9264
9265
9275
9281
9284
9288
92928
92929
9298
9333
93424
93438
93448
93456
93457
9347
9348
9349
9350
9351
9355
9356
9357
9374
9377
9387
9394
9395
9397
9398
9406
9408
9420
9422
9423
9424
9425
9426
9427
9430
9445
9451
9453
9456
9457
9465
9468
9474
9487
9488
9490
9491
9492
9508
95109
9523
9532
95338
95339
95341
95343
95344
9536
9547
9548
9571
95730
9579
9580
9581
9582
9588
9592