10000
10005
10043
10050
10051
10054
10055
10066
10093
10106
10117
10126
10144
10145
10146
10151
10152
10161
10190
10198
10199
10212
10216
10217
10219
10224
10226
10231
10246
10275
10276
10281
10282
10286
10314
10320
10350
10351
10352
10353
10354
10355
10357
10361
10362
10376
10379
10380
10381
10382
10383
10384
10414
10449
10453
10459
10467
10502
10504
10505
10506
10516
10533
10540
10541
10542
10543
10544
10545
10546
10599
10611
10618
10642
10644
10666
10670
10672
10676
10678
10681
10682
10683
10685
10686
10687
10688
10698
10699
10700
10713
10717
10721
10722
10723
10726
10730
10731
10732
1077
10781
10783
10794
10802
10805
10806
10812
10813
10814
10820
10826
10845
10846
10884
10922
10933
11007
11021
11049
11051
11054
11061
11062
11065
11067
11077
11101
11104
11111
11115
11123
11134
11136
11167
11171
11172
11175
11178
11187
11200
11307
11319
11326
11327
11400
11408
11415
11426
11427
11430
11433
11438
11440
11443
11447
11453
11454
11468
11470
11711
11714
11715
11719
11730
11732
11752
11762
11770
11777
11785
11801
11845
11847
11869
11871
11872
11873
11874
11875
11899
11918
11931
12012
12016
12017
12020
12022
12027
12037
12041
12094
12098
12099
12107
12126
12130
12139
12140
12141
12151
12157
12171
12238
12288
12347
12348
12349
12362
12364
12420
12421
12431
12438
12457
12460
12471
12472
12476
12480
12481
12490
12493
12495
12509
12510
12518
12519
12523
12524
12526
12527
12530
12531
12533
12540
12543
12544
12553
12562
12582
12584
12585
12586
1283
1294
13006
13019
13021
13204
13212
13213
13216
13332
13333
13334
13335
13375
13388
13390
13395
13404
13406
13407
13408
13413
13417
13418
13422
13428
13429
13430
13431
13435
13436
13437
13441
13444
13445
13446
13450
13451
13459
13460
13465
13467
13473
13493
13494
13495
13496
13498
13499
13502
13503
13509
13517
13525
13531
13532
13533
13534
13542
13543
13548
13556
13558
13559
13560
13561
13568
13571
13573
13574
13577
13592
13593
13594
13596
13597
13598
13600
13606
13607
13609
13610
13611
13615
13616
13631
13633
13634
13635
13636
13643
13644
13646
13648
13651
13652
13653
13654
13655
13656
13657
13658
13678
13681
13682
13693
13697
13700
13706
13707
13710
13711
13713
13714
13715
13716
13717
13718
13719
13738
13749
13778
13779
13780
13787
13788
13789
13790
13794
13796
13797
13803
13804
13805
13810
13811
13814
13815
13816
13817
13823
13826
13845
13846
13847
13848
13849
13858
13860
13861
13864
13865
13866
13867
13868
13869
13875
13877
13880
13881
13882
13883
13884
13885
13889
13895
14006
14010
14013
14015
14030
14038
14079
14080
14085
14087
14102
14113
14130
14131
14132
14133
14135
14136
14140
14141
14142
14151
14153
14157
14158
14159
14161
14173
14197
14198
14200
14203
14208
14210
14212
14213
14214
14216
14221
14235
14241
14242
14324
14423
14430
14500
14555
14576
14577
14581
14587
14637
14639
14641
14645
14711
14926
15031
15047
15048
15055
15068
15071
15076
15077
15086
15087
15091
15092
15093
15094
15132
15137
15203
15206
15216
15220
15224
15225
15260
15334
15428
15430
15436
15444
15448
15449
15451
15520
15526
15527
15529
15530
15532
15533
15534
15538
15545
15560
15561
15562
15565
15567
15568
15569
15571
15574
15576
15592
15597
15599
15604
15608
15609
15611
15628
15633
15634
15636
15637
1564
15640
15647
15648
15659
15660
15661
15662
15664
15668
15670
15679
15691.1
15691.2
15697
15700
15705
15707
15708
15726
15732
15742
15743
15744
15746
15747
15755
15757
15758
15759
15760
15761
15762
15763
15777
15778
15780
15781
15782
15783
15784
15785
15786
15788
15789
15790
15793
15794
15802
15803
15804
15805
15810
15839
15842
15844
15846
15859
15862
15870
15884
15895
15896
15909
15912
15922
15923
15936
15939
15941
15942
15944
15953
15966
15967
15968
15969
15982
15983
15984
15985
15986
15987
15988
15990
16000
16004
16005
16008
16012
16019
16022
16039
16040
16041
16042
16043
16044
16046
16074
16103
16106
16124
16228
16314
16317
16412
16415
16416
16503
16507
16510
16519
16561
16616
16618
16625
16671
16703
16712
16714
16717
16737
16748
16749
16750
16752
16754
16757
16761
1680
16805
16806
16812
16818
16819
16825
16827
16829
16830
16831
16832
16834
16835
16846
16849
16851
16858
16859
16860
16861
16862
16874
16876
16883
17010
17038
17039
17052
17081
17092
17108
17110
17112
17128
17131
17132
17147
17150
17151
17153
17154
17163
17166
17169
17172
17173
17174
17228
17229
17259
17263
17265
17283
17327
17330
17331
17337
17346
17347
17348
17360
17361
17362
17366
17373
17382
17386
17396
17409
17410
17419
17441
17502
18002
18008
18011
18018
18030
18031
18037
18054
18055
18071
18086
18102
18107
18108
1811
18112
18114
18116
18209
18210
18211
18212
18214
18252
18310
18311
18313
18330
18400
18402
18407
18408
18436
18509
18542
18552
18553
18554
18562
18563
18564
18565
18579
18612
18615
18618
18619
18620
18621
18622
18713
18714
18729
18808
18818
1886
1892
1908
1910
1914
1926
1927
19431
1958
19701
19713
19715
19726
19734
19740
19748
19749
19750
19802
19808
19812
19817
19820
19825
19832
19837
19857
19859
19860
1988
19897
20001
20020
20029
20031
20032
20033
20037
20040
20041
20042
20057
20107
20108
20164
20196
20200
20210
20221
20260
20287
20376
20379
20408
20476
20499
20504
20512
20531
20536
20558
20559
20571
20584
20593
20613
20627
20629
20640
20657
20658
20682
20709
20716
20722
20727
20738
20830
20846
20847
20849
20852
20859
20876
20877
20908
20940
20941
20942
20961
20968
20991
20996
21061
21073
21101
21119
21151
21160
21168
21172
21193
21198
21199
2120
21201
21219
21227
21234
21235
21243
21256
21257
21272
21307
21311
21312
21317
21318
21319
21327
21329
21330
21331
21332
21333
21334
21336
21358
21362
21363
21366
21369
2137
21377
21378
2155
2169
2179
2185
22001
22002
22007
22008
22009
22010
22034
22078
22081
22083
22084
22101
22112
22113
22123
22125
22126
22133
22139
22140
22154
22155
22161
22163
22164
22165
22169
22170
22178
22179
22180
22181
22182
22186
22190
22191
22192
22194
22201
22233
22245
22249
22278
22279
2228
22280
22281
22284
22290
22292
22294
22310
22311
22312
22313
22316
22319
22343
22350
22380
22385
22391
22392
22396
22397
22408
22411
22412
22427
22434
22448
22449
22450
22453
22455
22476
22510
22511
22514
22515
22516
22524
22527
22528
22529
22530
22531
22532
22533
22534
22535
22536
22540
22541
22549
22551
22553
22556
22558
22561
22568
22580
22598
22610
22612
22613
22614
22621
22622
22623
22624
22625
22629
22630
22631
22632
22648
22649
22651
22688
22692
22693
22694
22695
22696
22697
22702
22703
22704
22711
22712
22718
22719
22721
22723
22724
22726
22754
22767
22770
22774
22775
22776
22780
22798
22799
22801
22804
22823
22825
22827
22833
22835
22836
22840
22848
22849
22858
22859
22860
22877
22879
22887
22888
22899
22905
22910
22911
22926
22928
22931
22932
22966
22967
22970
22974
22977
22980
22981
22985
22986
22991
22996
23003
23010
23011
23012
23013
23017
23019
23020
23021
23022
23023
23024
23025
23026
23037
23044
23046
23047
23048
23049
23050
23051
23052
23053
23059
23064
23066
23067
23072
23082
23083
23084
23086.1
23086.2
23095
23096
23106
23107
23116
23117
23118
23119
23123
23127
23132
23133
23137
23138
23139
23155
23171
23172
23173
23174
23175
23176
23182
23183
23184
23187
23188
23189
23195
23199
23204
23206
23207
23208
23209
23211
23217
23225
23231
23233
23235
23236
23249
23264
23270
23271
23277
23279
23283
23286
23287
23289
23293
23296
23298
23299
23300
23301
23302
23304
23305
23308
23309
23311
23327
23328
23329
23337
23340
23353
23356
23357
23359
23365
23367
23372
23373
23374
23380
23404
23405
23406
23407
23410
23411
23412
23414
23415
23434
23440
23448
23449
23455
23456
23476
23477
23478
23495
23513
23514
23515
23516
23523
23524
23525
23527
23528
23531
23542
23544
23549
23560
23561
23565
23568
23570
23575
23579
23593
23595
23608
23621
23622
23626
23628
23629
23630
23632
23643
23646
23662
23668
23670
23674
23675
23676
23677
23679
23694
23695
23701
23702
23708
23712
23715
23716
23717
23718
23720
23721
23722
23723
23724
23727
23732
23734
23735
23738
23741
23753
23754
23759
23762
23763
23764
23768
23769
23770
23773
23798
23799
23800
23801
23812
23813
23814
23815
23829
23847
23850
23851
23853
23854
23862
23863
23889
23890
23891
23892
23893
23894
23898
23908
23912
23925
23926
24016
24020
24023
24024
24025
24032
24033
24034
24102
24120
24135
24139
24145
24147
24181
24200
24203
24206
24208
24230
24234
24242
24247
24249
24256
24260
24267
24274
24278
24291
24324
24340
24341
24345
24350
24357
24383
24386
2439
24417
24447
24477
24486
24494
24511
24700
24701
24704
24706
24707
24708
25089
25182
25183
25184
25208
25243
25252
25258
25353
25376
25460
25461
25629
25926
25972
25973
25994
26000
26001
26002
26011
26019
26028
26029
26030
26033
26039
26101
26103
26107
26110
26114
26116
26138
26174
26213
2622
2632
2635
2684
2685
2688
2689
2690
2692
26990
26997
27017
27034
27054
27057
27061
27063
27072
27099
27100
27103
2712
27130
27136
27137
2714
2715
27150
27154
27177
27178
27183
27187
27202
27203
27204
27208
27213
27216
27230
27232
27234
27291
27295
27314
27321
27326
27327
27329
27338
27342
27348
27350
27355
27356
27366
27367
27368
27369
27406
27414
27424
27426
27445
27446
27449
27456
27462
27487
27488
27491
27502
27508
27510
27526
27545
27559
27571
27597
27598
27602
27608
27610
27656
27666
27667
27676
27733
27735
27754
27755
27759
27761
27762
27763
2777
27770
2778
2779
27801
27805
2781
2782
27827
2783
27832
2784
27842
27843
27845
2785
2786
27863
27864
27865
27866
2787
27875
27876
2788
2789
27893
27894
27903
27905
2791
27913
2792
2794
27944
2795
27951
2796
2797
27971
27972
27973
27980
2800
28005
28006
28016
2802
28032
28034
28035
2804
28057
28059
28069
2807
28073
28074
28077
2808
28088
2810
28102
28106
2811
28113
28115
28116
28119
2812
2813
28142
28143
2815
28154
2817
28176
28180
28181
28185
28187
2819
28190
28191
28193
28198
28223
28246
28263
28264
28265
28266
28299
2830
28300
2831
28311
2832
2833
28333
28335
2834
28356
2836
2837
28373
28385
2839
2840
28400
28401
28407
28408
2842
28432
28433
28435
28439
28464
28465
2849
28491
28494
28496
28499
28506
28507
28508
28509
2851
28510
28515
2852
28520
28525
28526
28527
2853
28533
2854
2855
2856
28566
28567
2857
28571
28574
28575
28576
2858
2859
2860
28604
2861
28610
28613
28615
28617
28630
2864
28655
2866
28662
28664
2867
28670
2868
28688
28689
2869
28690
2870
2871
28712
28715
2872
28724
2873
28731
28733
28757
2876
28775
28801
28811
28812
28822
28836
28848
28871
28872
28873
28874
28898
28908
28921
28922
28926
28938
28939
28945
28947
28949
28951
28955
28959
28969
28999
2900
29004
29006
29007
29016
29017
29019
29031
29032
29033
29034
29035
29036
29039
29040
29041
29042
29043
29044
29045
29046
29047
29048
29059
29061
29064
29072
29073
29074
29075
29076
29078
29079
29080
29084
29085
29100
29103
29106
29130
29134
29139
29165
29174
29180
29196
29215
29225
29266
29314
29322
29332
29333
29340
29360
29361
29365
29373
29378
29381
29410
29604
29605
29608
29609
29612
29624
29625
2970
30006
3024
3026
3050
3065
3076
3084
3099
31004
31005
31006
31008
31009
31010
31011
3119
31309
31312
3132
3175
3176
32002
32030
32045
32227
32316
32329
32357
32358
32360
32361
32362
32367
32369
3238
32524
32525
32526
3267
3268
3280
3291
3297
33022
33026
33053
33073
33078
33100
33108
33114
33120
33121
33126
33127
3313
33136
33137
33141
33152
33159
33168
33178
3318
33182
33187
33189
33190
33205
3321
33222
33235
33249
33307
33325
33328
33335
33340
33347
33357
33363
33365
33367
33368
33407
33409
33416
33436
33440
33442
33444
33488
33529
33543
33555
33556
33581
33601
33613
3362
33624
3363
33633
33636
33637
33640
33641
33642
33672
3387
3388
3395
3400
34001
34009
34013
34014
34016
34024
34025
34027
34031
34035
34043
34046
34047
34068
34078
34079
34095
34102
34113
34114
34115
34116
34120
34121
34122
34123
34125
34128
34130
34131
34134
34136
34138
34143
34145
34149
34157
34163
34164
34170
34171
34172
34173
34174
34175
34176
34177
34178
34180
34181
34182
34183
34184
34186
34188
34193
34194
34203
34208
34209
34210
34212
34215
34217
34226
34231
34234
34242
34262
3440
3443
3451
3452
3453
3454
3456
3460
34606
3461
34702
34721
34777
34790
34811
34817
34821
34822
34830
34838
34865
34868
34893
3491
34921
34922
34923
34924
34937
3496
34961
34962
34963
34964
3497
3499
34997
35001
35002
35003
35004
35005
35006
35007
35008
35009
35012
35013
35015
35016
35017
35018
35019
35020
35021
35022
35024
35025
35026
35032
35049
3508
35101
35121
35129
35130
35140
35144
35153
35163
3517
35177
3518
35183
35184
35199
35200
35201
35202
35207
35209
35216
35217
35221
35225
35226
35227
35228
35243
35245
35246
35255
35259
35261
35263
35266
35267
3527
35274
35276
35287
35288
35289
35291
35292
35304
35306
35309
35310
35311
35312
35315
35326
35327
35328
35329
35330
35331
35333
35334
35336
35337
35338
35339
35351
35357
35361
35365
35366
35367
35368
35369
35370
35371
35372
35373
35374
35375
35376
35393
35394
35397
35398
35399
35403
35419
35420
35421
35422
35423
35424
35425
35426
35454
35458
35459
3547
35470
35487
35488
35490
3553
3554
3561
3566
3567
3568
3569
3570
35997
35998
36205
36307
3653
3677
3680
3682
37002
37005
37006
37012
3704
37110
37111
37114
37127
37132
37134
37137
37138
37139
3715
37153
37156
37157
37160
37164
37201
37212
37218
37229
3724
37259
37262
37263
37265
3727
37276
37277
37281
3737
37402
37403
37405
37408
37414
37417
3743
3744
37806
37808
3791
38007
38111
38113
38128
38130
38131
38145
3819
38220
38234
3824
38297
38298
3830
3840
3852
3858
3862
39010
39012
39019
39032
39033
39100
39106
39109
39119
39127
39129
39130
39132
39191
39219
39224
39226
39301
39394
39395
39403
39404
39412
3952
39604
39606
3961
39627
39628
39640
39643
39650
39651
39659
39696
39702
39710
39712
3976
3978
3979
39896
39900
39901
39902
39903
39908
39910
39919
39922
39924
39934
39946
39965
39966
39973
39975
39980
39988
40009
40055
40114
40135
40143
40153
40159
40178
40179
40180
40200
4022
40229
40230
40231
40233
40234
40235
40241
40242
40244
40245
40246
40247
40248
40249
40250
40251
40252
40253
40254
40255
40256
40257
40259
40261
40262
40263
40264
40265
40266
40267
40268
40269
40275
40277
40279
40315
40317
40319
40326
40327
40328
40369
40370
40374
40375
40384
40385
40386
40387
40388
40389
40404
40413
40436
4046
4047
40506
40530
40537
40552
40560
40567
40571
40573
40583
4072
4073
40732
40740
40743
40744
40746
40752
4079
4099
4106
4109
4110
4111
41112
4112
41151
41152
41163
41258
41312
4141
41463
4152
4155
4156
4157
41685
41744
4176
41904
41905
41906
4193
4195
41971
42130
42186
42203
42204
42222
42252
42255
42286
42293
42294
42295
42296
42298
42302
42314
42318
42321
42371
42384
42385
4240
4241
42441
42477
42512
4265
4270
4283
4284
4285
4287
4288
43011
43022
43024
43025
43028
43032
43042
43044
43045
43047
43054
43055
43056
43057
43058
43060
43070
43075
43088
43089
43112
43113
43124
43204
43218
43223
43301
43307
43314
43315
43320
43329
43338
4334
43341
43347
43375
43420
43421
43474
43482
43484
43496
43504
43507
43508
4351
4353
43614
43621
43705
43802
43806
43810
43813
43818
43820
4384
43853
43861
43906
43914
43928
43931
43935
44000
44001
44019
44032
44102
44108
44110
44115
44116
44125
44127
44138
44210
44215
44216
44218
44232
44233
44262
44264
44265
44272
44273
44274
44275
44276
44277
44280
44281
44282
44283
44284
44285
44286
44289
44290
44296
44300
44301
44303
44304
44310
44313
44315
44316
44317
44318
44320
44321
44322
44323
44326
44329
44330
44331
44332
44335
44337
44338
44341
44342
44355
44356
44363
44365
44394
44398
44399
44400
44404
44413
44420
44506
44508
4487
4488
44907
44908
44909
4491
44910
44911
44912
44913
44914
44915
44924
4493