
67794
67795
67796
67797
67798
67800
67801
67802
67807
67808
67814
67818
67819
67832
67836
67888
67891
67893
67894
67896
67898
67899
67900
67901
67906
67908
67914
67916
67921
67930
67948
67949
67950
67951
67953
67972
67973
67977
67978
67980
67996
67997
68000
68029
68106
68116
68124
68125
68131
68137
68138
68149
68162
68170
68172
68187
68188
68193
68200
68204
68234
68243
68265
68266
68274
68275
68306
68322
68331
68335
68343
68348
68350
68397
68440
68441
68444
68445
68448
68449
68470
68471
68480
68484
68491
68492
68493
68497
6856
68585
69000
69026
69038
69039
69062
69098
69117
69119
69121
69122
69123
69140
69169
69170
69173
69236
69238
69239
69246
69251
69257
69258
69275
69286
69289
69310
69312
69320
69383
69411
69414
69427
69435
69447
69448
69461
69465
69469
69472
69474
69488
69519
69523
69587
69607
69622
69623
69632
69651
69653
69664
69670
69671
69672
69674
69678
69682
69689
69690
69695
69697
69698
69703
69706
69714
69719
69720
69722
69725
69730
69735
69737
69740
69741
69742
69744
69746
69750
69753
69756
69757
69789
69810
69814
69815
69832
69840
69850
69855
69856
69872
69877
69878
69884
69889
69923
69937
69938
69964
69970
69972
69973
69981
69984
69989
69993
70008
70012
70024
70028
70030
70066
70067
70073
70074
7014
70152
70156
70195
7021
7024
7026
7031
7032
70370
70646
70702
70704
70705
70706
70707
70711
70721
70732
70734
70736
70737
70739
70740
70741
70745
70756
70762
70763
70785
70793
71015
71033
71037
71044
71054
71055
71071
71154
71155
71156
71157
71159
71160
71162
71190
71191
71192
71202
71203
71225
71226
71227
71314
71344
71377
71397
71398
71399
71403
71404
71407
71450
71452
71502
71520
71527
71533
71535
71570
71586
71702
72000
72019
72026
72077
72088
72090
72108
72109
72116
72123
72205
72318
72320
72400
72405
72408
72410
72411
72507
72514
72515
72530
72536
72537
72541
72542
72544
72546
72547
72548
72565
72614
72616
72641
72645
72647
72663
72674
72675
72676
72733
72734
72743
72817
72873
72878
73002
73006
73014
73045
7305
7307
73127
73128
7313
73138
73147
73149
73150
73153
73154
73158
73159
73160
73162
73163
73164
73165
73166
73167
73168
73169
73170
73171
73172
73173
73174
73175
73176
73177
73178
73179
73180
73181
73182
73184
73185
73192
73194
73195
73196
73197
73198
73199
73207
73223
73225
73249
7325
73252
73253
73255
73256
73257
73258
73259
73260
73261
73262
73264
73265
73266
73267
73268
73269
73270
73271
73272
73273
73274
73275
73276
73277
73278
73279
7328
73280
7329
7331
73317
73318
73319
73348
73349
73350
73351
73352
73356
73358
73360
73365
73369
73371
73374
73400
73411
73415
73431
73433
73434
73443
73444
73445
73449
73507
73510
73802
73850
73978
73979
73984
73988
73989
73999
74044
74078
74079
74081
74102
74138
74152
74153
74154
74312
74334
74336
74348
74391
74432
74480
74500
74538
74545
74566
74606
74611
74748
74817
74819
74829
75210
75230
75296
75300
75301
75302
75303
75304
75305
75306
75309
75310
75311
75313
75314
75315
75319
75324
75331
75367
75472
75498
75532
75538
75625
75810
75997
75998
76178
76184
76457
76465
76470
76472
76480
76487
76504
76542
76594
76596
76597
76633
76637
76639
76710
76720
76721
76937
77007
77100
77120
77163
77241
77248
77289
77322
77427
77428
77434
77440
77441
77443
77444
77462
77466
77467
77749
77783
77787
77791
77794
77795
77796
77799
77984
78031
78037
78070
78071
78073
78129
78132
78330
78357
78372
78510
78516
78524
78567
78595
7867
78781
78782
78843
78849
78861
78967
78975
78983
79006
79007
79012
79021
79035
79052
79053
79054
79060
79063
79069
79080
79083
79113
79136
79144
79179
79193
79195
79199
79201
79202
79217
79218
79260
79261
79262
79344
79358
79406
79407
79408
79424
79425
79427
79428
79429
79431
79433
79435
79438
79441
79446
79447
79448
79449
79453
79456
79458
79462
79463
79468
79470
79473
79475
79476
79490
79491
79493
79494
79495
79497
79498
79501
79506
79507
79522
79523
79525
79526
79529
79531
79576
79578
79580
79581
79582
79593
79594
79600
79603
79604
79616
79621
79623
79631
79632
79633
79637
79651
79655
79656
79659
79660
79661
79662
79663
79664
79666
79667
79673
79675
79676
79677
79678
79679
79704
79706
79707
79710
79711
79712
79713
79715
79717
80016
80057
80100
80135
80151
80177
80221
80253
80264
80265
80266
80267
80272
80276
80277
80279
80285
80286
80287
80290
80295
80296
80302
80308
80313
80317
80320
80321
80322
80327
80339
80341
80346
80347
80353
8038
80395
80396
80397
80398
80399
80409
80412
80418
80421
80422
80423
80424
80425
80426
80427
80428
80429
80430
80431
80433
80434
80435
80436
80437
80439
8044
80440
80441
80443
80444
80445
80447
80448
80449
80450
80454
80462
80463
80465
80468
8047
8050
80644
80692
80693
80707
80771
80781
80782
80784
80794
80795
80849
80858
80859
80862
80870
80879
80884
80887
80892
80893
80894
80895
80908
80939
80942
80980
80981
81055.1
81055.2
81055.3
81200.1
81200.2
81200.3
81204.1
81204.2
81204.3
81204.4
8122
81220.1
81220.2
81220.3
81220.4
81226.1
81226.2
81226.3
81234.1
81234.2
81234.3
81234.4
81234.5
81241.1
81241.2
81241.3
81241.4
81241.5
81276.1
81276.2
81276.3
81276.4
81297
81307
81340
81418
81422
81443
81467
81479
81481
81485
81487
81617
81649.1
81649.2
81649.3
81649.4
81649.5
81649.6
81704
81745
81790.1
81790.2
81790.3
81790.4
81790.5
81790.6
81928
81931
82032
82070
82090
82098
82099
82117
82122
82130
82150
82190
82199
82219
82220
82221
82227
82232
82255
82277
82279
82287
82290
82295
82302
82322
82328
82331
82332
82352
82365
82380.1
82380.2
82404
82412
82417
82439
82464
82491
82496.1
82496.2
82509
82511
82551
82576
82585
82599
82609
82626
82640
82649
82651
82655
82656
82662
82665
82718
82728
82731
82732
82735
82744
82753
82757
82759
82765
82786
82787
82788
82830.1
82830.2
82839
82842
82886
82892
82894
82900
82905
82907
82908
82920
82931
82933
82938
82961
82975
83056
83116
83202.1
83202.2
83203.1
83203.2
83223
83230
83231.1
83231.2
83232.1
83232.2
83258
83275.1
83275.2
83277
83284
83286
83292
83311
83317
83327
83333
83346
83359
83366
83374
83396
83436
83437
83452
83490
83547
83548.1
83548.2
83558
83559
83560
83573
83594
83600
83613.1
83613.2
83789
83843.1
83843.2
83858.1
83858.2
83864
83868
83869
83886
83908
83965
83990
83995
84284
84287
84289
84290
84358
84429
84458
8447
8448
84482
84503
8453
84582
84597
84629
84630
84638
84643
84645
84654
84663
84676
84684
84688
84692
84698
84706
84710
84736
84754
84785
84900
84904
84916
84930
84937
84939
84940
84955
84971
84981
85001
85786
85787
85788
85792
85793
85795
86008
86012
86015
86026
86027
86029
86033
86039
86040
86046
86076
86077
86086
86088
86089
8611
86112
86117
86118
86119
86131
86154
86155
86167
86168
86174
8618
86190
86198
86202
86205
86215
86226
86227
86231
86232
86236
86245
86257
86258
86259
86276
86288
86290
8631
8645
86464
86466
86467
86468
86469
8647
8648
86481
86491
86494
86495
86496
86503
86504
86505
86510
86511
86514
86526
86527
86546
86547
86552
86553
86559
86587
86588
86641
86642
86643
86644
86652
86653
86687
86707
86711
86713
86758
86764
86799
86809
86817
86833
86840
86847
86886
86887
86998
8713
8714
8715
87191
8722
8723
87271
8729
87342
87540
87542
87597
87598
87599
87601
87602
87603
87604
87607
87610
87616
87677
87683
87685
87686
87692
87723
87731
87734
87770
87811
88180
89804
90080
9018
90303
90309
90319
90326
9034
9040
90404
9049
90531
90539
9054
9057
9058
90793
90794
90795
90947
91419
9149
9158
9170
9187
9188
91888
91889
9189
9190
9191
9192
9193
9210
92116
9216
9222
9242
9246
9257
9259
9264
9265
9275
9281
9284
9288
92928
92929
9298
9333
93424
93438
93448
93456
93457
9347
9348
9349
9350
9351
9355
9356
9357
9374
9377
9387
9394
9395
9397
9398
9406
9408
9420
9422
9423
9424
9425
9426
9427
9430
9445
9451
9453
9456
9457
9465
9468
9474
9487
9488
9490
9491
9492
9508
95109
9523
9532
95338
95339
95341
95343
95344
9536
9547
9548
9571
95730
9579
9580
9581
9582
9588
9592
