10000
10005
10043
10050
10051
10054
10055
10066
10093
10106
10117
10126
10144
10145
10146
10151
10152
10161
10190
10198
10199
10212
10216
10217
10219
10224
10226
10231
10246
10275
10276
10281
10282
10286
10314
10320
10350
10351
10352
10353
10354
10355
10357
10361
10362
10376
10379
10380
10381
10382
10383
10384
10414
10449
10453
10459
10467
10502
10504
10505
10506
10516
10533
10540
10541
10542
10543
10544
10545
10546
10599
10611
10618
10642
10644
10666
10670
10672
10676
10678
10681
10682
10683
10685
10686
10687
10688
10698
10699
10700
10713
10717
10721
10722
10723
10726
10730
10731
10732
1077
10781
10783
10794
10802
10805
10806
10812
10813
10814
10820
10826
10845
10846
10884
10922
10933
11007
11021
11049
11051
11054
11061
11062
11065
11067
11077
11101
11104
11111
11115
11123
11134
11136
11167
11171
11172
11175
11178
11187
11200
11307
11319
11326
11327
11400
11408
11415
11426
11427
11430
11433
11438
11440
11443
11447
11453
11454
11468
11470
11711
11714
11715
11719
11730
11732
11752
11762
11770
11777
11785
11801
11845
11847
11869
11871
11872
11873
11874
11875
11899
11918
11931
12012
12016
12017
12020
12022
12027
12037
12041
12094
12098
12099
12107
12126
12130
12139
12140
12141
12151
12157
12171
12238
12288
12347
12348
12349
12362
12364
12420
12421
12431
12438
12457
12460
12471
12472
12476
12480
12481
12490
12493
12495
12509
12510
12518
12519
12523
12524
12526
12527
12530
12531
12533
12540
12543
12544
12553
12562
12582
12584
12585
12586
1283
1294
13006
13019
13021
13204
13212
13213
13216
13332
13333
13334
13335
13375
13388
13390
13395
13404
13406
13407
13408
13413
13417
13418
13422
13428
13429
13430
13431
13435
13436
13437
13441
13444
13445
13446
13450
13451
13459
13460
13465
13467
13473
13493
13494
13495
13496
13498
13499
13502
13503
13509
13517
13525
13531
13532
13533
13534
13542
13543
13548
13556
13558
13559
13560
13561
13568
13571
13573
13574
13577
13592
13593
13594
13596
13597
13598
13600
13606
13607
13609
13610
13611
13615
13616
13631
13633
13634
13635
13636
13643
13644
13646
13648
13651
13652
13653
13654
13655
13656
13657
13658
13678
13681
13682
13693
13697
13700
13706
13707
13710
13711
13713
13714
13715
13716
13717
13718
13719
13738
13749
13778
13779
13780
13787
13788
13789
13790
13794
13796
13797
13803
13804
13805
13810
13811
13814
13815
13816
13817
13823
13826
13845
13846
13847
13848
13849
13858
13860
13861
13864
13865
13866
13867
13868
13869
13875
13877
13880
13881
13882
13883
13884
13885
13889
13895
14006
14010
14013
14015
14030
14038
14079
14080
14085
14087
14102
14113
14130
14131
14132
14133
14135
14136
14140
14141
14142
14151
14153
14157
14158
14159
14161
14173
14197
14198
14200
14203
14208
14210
14212
14213
14214
14216
14221
14235
14241
14242
14324
14423
14430
14500
14555
14576
14577
14581
14587
14637
14639
14641
14645
14711
14926
15031
15047
15048
15055
15068
15071
15076
15077
15086
15087
15091
15092
15093
15094
15132
15137
15203
15206
15216
15220
15224
15225
15260
15334
15428
15430
15436
15444
15448
15449
15451
15520
15526
15527
15529
15530
15532
15533
15534
15538
15545
15560
15561
15562
15565
15567
15568
15569
15571
15574
15576
15592
15597
15599
15604
15608
15609
15611
15628
15633
15634
15636
15637
1564
15640
15647
15648
15659
15660
15661
15662
15664
15668
15670
15679
15691.1
15691.2
15697
15700
15705
15707
15708
15726
15732
15742
15743
15744
15746
15747
15755
15757
15758
15759
15760
15761
15762
15763
15777
15778
15780
15781
15782
15783
15784
15785
15786
15788
15789
15790
15793
15794
15802
15803
15804
15805
15810
15839
15842
15844
15846
15859
15862
15870
15884
15895
15896
15909
15912
15922
15923
15936
15939
15941
15942
15944
15953
15966
15967
15968
15969
15982
15983
15984
15985
15986
15987
15988
15990
16000
16004
16005
16008
16012
16019
16022
16039
16040
16041
16042
16043
16044
16046
16074
16103
16106
16124
16228
16314
16317
16412
16415
16416
16503
16507
16510
16519
16561
16616
16618
16625
16671
16703
16712
16714
16717
16737
16748
16749
16750
16752
16754
16757
16761
1680
16805
16806
16812
16818
16819
16825
16827
16829
16830
16831
16832
16834
16835
16846
16849
16851
16858
16859
16860
16861
16862
16874
16876
16883
17010
17038
17039
17052
17081
17092
17108
17110
17112
17128
17131
17132
17147
17150
17151
17153
17154
17163
17166
17169
17172
17173
17174
17228
17229
17259
17263
17265
17283
17327
17330
17331
17337
17346
17347
17348
17360
17361
17362
17366
17373
17382
17386
17396
17409
17410
17419
17441
17502
18002
18008
18011
18018
18030
18031
18037
18054
18055
18071
18086
18102
18107
18108
1811
18112
18114
18116
18209
18210
18211
18212
18214
18252
18310
18311
18313
18330
18400
18402
18407
18408
18436
18509
18542
18552
18553
18554
18562
18563
18564
18565
18579
18612
18615
18618
18619
18620
18621
18622
18713
18714
18729
18808
18818
1886
1892
1908
1910
1914
1926
1927
19431
1958
19701
19713
19715
19726
19734
19740
19748
19749
19750
19802
19808
19812
19817
19820
19825
19832
19837
19857
19859
19860
1988
19897
20001
20020
20029
20031
20032
20033
20037
20040
20041
20042
20057
20107
20108
20164
20196
20200
20210
20221
20260
20287
20376
20379
20408
20476
20499
20504
20512
20531
20536
20558
20559
20571
20584
20593
20613
20627
20629
20640
20657
20658
20682
20709
20716
20722
20727
20738
20830
20846
20847
20849
20852
20859
20876
20877
20908
20940
20941
20942
20961
20968
20991
20996
21061
21073
21101
21119
21151
21160
21168
21172
21193
21198
21199
2120
21201
21219
21227
21234
21235
21243
21256
21257
21272
21307
21311
21312
21317
21318
21319
21327
21329
21330
21331
21332
21333
21334
21336
21358
21362
21363
21366
21369
2137
21377
21378
2155
2169
2179
2185
22001
22002
22007
22008
22009
22010
22034
22078
22081
22083
22084
22101
22112
22113
22123
22124
22125
22126
22133
22139
22140
22154
22155
22161
22163
22164
22165
22169
22170
22178
22179
22180
22181
22182
22186
22190
22191
22192
22194
22201
22233
22245
22249
22278
22279
2228
22280
22281
22284
22290
22292
22294
22310
22311
22312
22313
22316
22319
22343
22350
22380
22385
22391
22392
22396
22397
22408
22411
22412
22427
22434
22448
22449
22450
22453
22455
22476
22510
22511
22514
22515
22516
22524
22527
22528
22529
22530
22531
22532
22533
22534
22535
22536
22540
22541
22549
22551
22553
22556
22558
22561
22568
22580
22598
22610
22612
22613
22614
22621
22622
22623
22624
22625
22629
22630
22631
22632
22648
22649
22651
22688
22692
22693
22694
22695
22696
22697
22702
22703
22704
22711
22712
22718
22719
22721
22723
22724
22726
22754
22767
22770
22774
22775
22776
22780
22798
22799
22801
22804
22823
22825
22827
22833
22835
22836
22840
22843
22848
22849
22858
22859
22860
22877
22879
22887
22888
22899
22905
22910
22911
22926
22928
22931
22932
22966
22967
22970
22974
22977
22980
22981
22985
22986
22991
22996
23003
23010
23011
23012
23013
23017
23019
23020
23021
23022
23023
23024
23025
23026
23037
23044
23046
23047
23048
23049
23050
23051
23052
23053
23059
23064
23066
23067
23072
23082
23083
23084
23086.1
23086.2
23095
23096
23106
23107
23116
23117
23118
23119
23123
23127
23132
23133
23137
23138
23139
23155
23171
23172
23173
23174
23175
23176
23182
23183
23184
23187
23188
23189
23195
23199
23204
23206
23207
23208
23209
23211
23217
23225
23231
23233
23235
23236
23249
23264
23270
23271
23277
23279
23283
23286
23287
23289
23293
23296
23298
23299
23300
23301
23302
23304
23305
23308
23309
23311
23327
23328
23329
23337
23340
23353
23356
23357
23359
23365
23367
23372
23373
23374
23380
23404
23405
23406
23407
23410
23411
23412
23414
23415
23434
23440
23448
23449
23455
23456
23476
23477
23478
23495
23513
23514
23515
23516
23523
23524
23525
23527
23528
23531
23542
23543
23544
23549
23560
23561
23565
23568
23570
23575
23579
23593
23595
23608
23621
23622
23626
23628
23629
23630
23632
23643
23646
23662
