45007
45078
45148
45163
45204
4523
4524
45297
45313
45420
45421
45472
45483
45547
45549
45661
45662
4570
45710
45711
45715
45716
45717
45752
45766
4577
45782
45837
4586
45895
4590
45925
45950
46001
46016
46019
46020
46025
46028
46029
46030
46038
46087
46107
46122
46156
46201
46204
46325
46368
46387
46390
4640
46405
4641
46415
46416
46417
46418
46420
46424
46434
46436
46439
46440
46441
46443
46444
46447
46508
46533
46550
46567
46568
46569
46573
46580
46582
46615
46622
46636
46638
46641
46643
46650
46658
46659
46673
46696
46697
46699
46700
46701
46703
46704
46724
46727
46730
46739
46765
46766
46768
46771
46774
46778
46779
46784
46785
46794
46806
46808
46812
46814
46815
46816
46825
46827
46831
46833
46834
46835
46836
46839
46842
46844
46850
46853
46857
46858
46859
46860
46861
46862
46864
46865
46866
46869
46870
46871
46872
46873
46875
46877
46878
46882
46885
46888
46891
46892
46893
46894
46895
46897
46908
46909
46920
46947
46948
46949
46953
46954
46965
46966
46967
46968
46970
46972
46978
46989
46993
46995
46996
46997
46999
47010
47018
47030
47038
47039
47050
47058
4706
47103
47106
4711
47151
47152
4717
4718
47190
47192
47193
47206
47207
47252
47256
47259
47291
47293
47310
47311
47312
47320
47321
47340
47342
47343
47344
47346
47347
47348
47349
47350
47351
47352
47356
47357
47359
47360
47361
47366
47367
47368
47375
47376
47377
47380
47381
47382
47383
47385
47386
47387
47389
47390
47391
47392
4740
47462
47463
47474
47475
47480
47489
4749
47496
47540
47554
47560
47566
47567
47597
47598
47599
47600
47601
47605
47608
47609
47612
47618
47620
47623
47818
47819
47824
47828
47834
4797
4798
48000
48001
48005
48009
48304
48360
48361
4850
4854
48636
48640
48642
48646
48647
48649
48651
48652
4900
49000
4901
49011
4903
49048
49049
4905
49073
49074
4908
49080
49087
49116
4915
49154
49157
4916
49173
49176
4918
4919
49224
49302
49319
49325
49326
49330
49333
4940
49402
49504
49506
4954
49544
4957
49589
49619
4962
4965
49701
49703
49704
49705
49710
49711
49750
49752
49755
49760
49823
49837
49863
49867
49869
49970
49971
49972
49973
49974
49975
49976
49977
49978
49979
5000
50008
50014
5002
50021
50025
5005
50098
50099
5012
50124
50125
50139
5014
50140
50148
50151
50153
50163
50169
50170
50171
50192
50198
50199
5020
50241
50242
50245
50247
5025
50256
50321
50326
50335
50336
50360
50366
50371
50375
50385
50386
50416
5042
5044
50459
50471
50478
50480
50483
50484
50533
50545
50546
50613
50614
50616
50619
5063
50630
50633
50654
50757
50764
50915
50916
50917
50918
50919
50927
50931
50938
50941
50942
50943
50944
50945
50946
50963
50965
50966
50967
50968
50969
50970
50971
50972
50973
50974
50975
50976
50984
50985
50999
51012
51013
51021
51026
51043
51044
51046
51050
51052
51060
51065
51066
51068
51071
51072
51073
51074
51079
51092
51097
51105
51110
51111
51126
51130
51132
51146
51149
51151
51167
51168
51170
51181
51182
51184
5119
51191
51192
51193
51194
51197
51198
51199
51201
51203
51208
51211
51212
51218
51223
51228
51230
51232
51233
51234
51239
5124
5128
5139
5147
51502
51504
51604
51619
51621
51627
51630
51641
52050
52051
52062
52064
52066
52073
52086
52088
52091
52092
52094
52095
52096
52098
52099
52100
52101
52106
52118
52133
52135
52139
5214
52143
52145
52146
52148
52149
52154
52157
52160
52167
52171
52172
52174
52176
52177
52178
52179
52180
52181
52182
52183
5219
52205
52307
52311
52334
52335
52336
52403
52404
52405
52412
5245
5250
5251
52884
53007
53011
53012
53015
53019
53025
53030
53032
53041
53042
53048
53056
53058
53059
53060
53100
53116
53122
53127
53130
53140
53141
53143
53146
53147
53160
5325
5330
53445
53446
53500
54053
54105
54209
54210
5500
5501
55017
55028
5504
55108
55125
55130
55135
55136
55142
5530
5531
5532
5533
5534
5535
56033
56084
56115
56128
56156
56162
56169
56173
56619
56647
56652
56661
58006
58110
58151
58152
58154
58159
58160
58166
58215
58220
58230
58243
58245
58246
58247
58248
58260
58261
58264
58265
58266
58267
58270
58271
58274
58278
58280
58285
58286
58293
58294
58306
58307
58328
58343
58344
58350
58351
58488
58489
59018
59028
59032
59033
59066
59071
59075
59076
59077
59078
59080
59081
59085
59086
59090
59101
59124
59126
59130
59138
59143
59151
59154
59158
59159
59160
59163
59164
59165
59166
59167
59168
59173
59212
59215
59216
59217
59218
59222
59223
59227
59229
59230
59233
59247
59248
59249
59250
59252
59253
59254
59256
59269
59270
59280
59283
5931
59323
59331
59332
59333
59334
59335
59336
59340
59343
59364
59901
59993
60015
60045
60046
60236
60244
60251
60285
60293
60294
6040
6041
6042
6043
6044
6045
6046
6047
6048
60515
60707
60709
60710
60716
60718
60719
60721
60722
60723
60748
60790
60832
60833
60836
60842
60846
60857
60869
60873
60874
60875
60878
60887
60888
60890
60891
60892
60893
60894
60895
60896
60897
60898
60899
60900
60901
60902
60907
60908
60909
60910
60912
60913
60914
60928
60929
60930
60931
60932
60934
60936
60937
60938
60939
60943
60945
60946
60954
60955
60956
60958
60963
60964
60965
60968
60979
60980
60988
60999
61006
61007
6102
61021
61025
61027
6103
61034
6104
6105
61053
6106
61065
61089
61092
61093
61101
61125
61162
61200
61204
61206
61215
61229
61231
61233
61238
61244
61245
61248
61250
61251
61252
61261
61270
61272
61274
61282
61283
61285
61288
61289
61291
61300
61302
61303
61305
61327
61341
61354
61356
61358
61363
61368
61371
6139
6141
61416
6142
61421
61424
6143
6145
6149
6152
6153
6175
62000
62007
62012
62103
62120
62128
62131
62145
62171
62179
62180
62191
62303
62306
6238
62386
62396
62401
62403
62432
6244
6245
6246
62473
62474
62485
62488
62489
62497
62499
6250
62501
6253
6256
6258
6260
6261
6277
6278
6282
6300
63007
6302
6305
63101
63114
63140
63144
63150
63151
63159
63161
63163
6321
6322
63238
6326
6331
63321
63322
63323
6333
63339
63340
63400
63401
63407
6341
63435
6344
63440
63451
63460
63464
63473
63474
63476
63477
63478
63485
63486
63501
63503
63509
63514
63521
63526
63528
63529
63532
63544
63545
63551
63556
63559
6357
6358
63580
63581
63582
63585
63586
63592
63593
63597
63606
6361
63613
63623
63627
63628
63629
6363
63632
63634
63639
63643
63645
63648
63653
63657
6366
6371
63717
63725
63729
63730
63732
63739
63791
64000
64001
64061
64066
64074
64102
64104
64128
64139
64146
64166
64179
64196
64200
64214
64246
64248
64251
64265
64266
64400
64404
64424
64435
64436
64445
64449
64450
64464
64491
64492
64499
64509
64518
64520
64705
6495
65008
65017
65043
65044
65055
65056
65059
65064
65067
65070
65077
65079
65084
65088
65097
6511
65122
65123
65135
65136
65138
65139
65140
65143
65145
65147
65158
65161
65164
65165
65172
65177
65178
65213
65235
65241
65298
65299
65302
65311
65322
65324
65326
65327
65328
65420
65555
6565
6566
6567
6594
6595
66009
66026
66027
66028
66031
66035
66084
66105
66107
66124
66126
66127
66168
66172
66202
66211
66241
66248
66250
66295
66314
66320
66324
66325
66332
66345
66346
66349
66350
66352
66369
66386
66390
66391
66392
66393
66394
66413
66432
66433
66445
66447
66462
66463
66465
66466
66469
66470
66480
66481
66482
66484
66485
66486
66492
66493
66495
66499
66505
66511
66518
66549
66550
66554
66558
66580
66583
66587
66670
66672
66673
66675
66682
66702
66710
66746
66764
66765
66770
66771
66775
66783
66784
66793
66864
66895
66896
66907
66912
66922
66944
66960
66984
66985
66994
67018
67024
67026
67031
67060
67092
67112
67113
67115
67117
67118
67119
67123
67125
67144
67146
67147
67148
67154
67163
67164
67409
67414
67416
67417
67507
67533
67534
67547
67552
67553
67554
67555
67556
67563
67573
67574
67575
67576
67577
67584
67586
67591
67594
67596
67599
67601
67608
67609
67613
67616
67619
67620
67623
67624
67632
67633
67634
67637
67643
67646
67655
67660
67663
67693
67694
67700
67701
67712
67713
67721
67722
67734
67736
67739
67741
67745
67749
67750
67753
67766
67771
67774
