23668
23670
23674
23675
23676
23677
23679
23694
23695
23701
23702
23708
23712
23715
23716
23717
23718
23720
23721
23722
23723
23724
23727
23732
23734
23735
23738
23741
23753
23754
23759
23762
23763
23764
23768
23769
23770
23773
23798
23799
23800
23801
23812
23813
23814
23815
23829
23847
23850
23851
23853
23854
23862
23863
23889
23890
23891
23892
23893
23894
23898
23908
23912
23925
23926
24016
24020
24023
24024
24025
24032
24033
24034
24102
24120
24135
24139
24145
24147
24181
24200
24203
24206
24208
24230
24234
24242
24247
24249
24256
24260
24267
24274
24278
24291
24324
24340
24341
24345
24350
24357
24383
24386
2439
24417
24447
24477
24486
24494
24511
24700
24701
24704
24706
24707
24708
25089
25182
25183
25184
25208
25243
25252
25258
25353
25376
25460
25461
25629
25926
25972
25973
25994
26000
26001
26002
26011
26019
26028
26029
26030
26033
26039
26101
26103
26107
26110
26114
26116
26138
26174
26213
2622
2632
2635
2684
2685
2688
2689
2690
2692
26990
26997
27017
27034
27054
27057
27061
27063
27072
27099
27100
27103
2712
27130
27136
27137
2714
2715
27150
27154
27177
27178
27183
27187
27202
27203
27204
27208
27213
27216
27230
27232
27234
27291
27295
27314
27321
27326
27327
27329
27338
27342
27348
27350
27355
27356
27366
27367
27368
27369
27406
27414
27424
27426
27445
27446
27449
27456
27462
27487
27488
27491
27502
27508
27510
27526
27545
27559
27571
27597
27598
27602
27608
27610
27656
27666
27667
27676
27733
27735
27754
27755
27759
27761
27762
27763
2777
27770
2778
2779
27801
27805
2781
2782
27827
2783
27832
2784
27842
27843
27845
2785
2786
27863
27864
27865
27866
2787
27875
27876
2788
2789
27893
27894
27903
27905
2791
27913
2792
2794
27944
2795
27951
2796
2797
27971
27972
27973
27980
2800
28005
28006
28016
2802
28032
28034
28035
2804
28057
28059
28069
2807
28073
28074
28077
2808
28088
2810
28102
28106
2811
28113
28115
28116
28119
2812
2813
28142
28143
2815
28154
2817
28176
28180
28181
28185
28187
2819
28190
28191
28193
28198
28223
28246
28263
28264
28265
28266
28299
2830
28300
2831
28311
2832
2833
28333
28335
2834
28356
2836
2837
28373
28385
2839
2840
28400
28401
28407
28408
2842
28432
28433
28435
28439
28464
28465
2849
28491
28494
28496
28499
28507
28508
28509
2851
28510
28515
2852
28520
28525
28526
28527
2853
28533
2854
2855
2856
28566
28567
2857
28571
28574
28575
28576
2858
2859
2860
28604
2861
28610
28613
28615
28617
28630
2864
28655
2866
28662
28664
2867
28670
2868
28688
28689
2869
28690
2870
2871
28712
28715
2872
28724
2873
28731
28733
28757
2876
28775
28801
28811
28812
28822
28836
28848
28871
28872
28873
28874
28898
28908
28921
28922
28926
28938
28939
28945
28947
28949
28951
28955
28959
28969
28999
2900
29004
29006
29007
29016
29017
29019
29031
29032
29033
29034
29035
29036
29039
29040
29041
29042
29043
29044
29045
29046
29047
29048
29059
29064
29072
29073
29074
29075
29076
29078
29079
29080
29084
29100
29103
29106
29130
29134
29139
29165
29174
29180
29196
29215
29225
29266
29314
29322
29332
29333
29340
29360
29361
29365
29373
29378
29381
29410
29604
29605
29608
29609
29612
29624
29625
2970
30006
3024
3026
3050
3065
3076
3084
3099
31004
31005
31006
31008
31009
31010
31011
3119
31309
31312
3132
3175
3176
32002
32030
32045
32227
32316
32329
32357
32358
32360
32361
32362
32367
32369
3238
32524
32525
32526
3267
3268
3280
3291
3297
33022
33026
33053
33073
33078
33100
33108
33114
33120
33121
33126
33127
3313
33136
33137
33141
33152
33159
33168
33178
3318
33182
33187
33189
33190
33205
3321
33222
33235
33249
33307
33325
33328
33335
33340
33347
33357
33363
33365
33367
33368
33407
33409
33416
33436
33440
33442
33444
33488
33529
33543
33555
33556
33581
33601
33613
3362
33624
3363
33633
33636
33637
33640
33641
33642
33672
3387
3388
3395
3400
34001
34009
34013
34014
34016
34024
34025
34027
34031
34035
34043
34046
34047
34068
34078
34079
34095
34102
34113
34114
34115
34116
34120
34121
34122
34123
34125
34128
34130
34131
34134
34136
34138
34143
34145
34149
34157
34163
34164
34170
34171
34172
34173
34174
34175
34176
34177
34178
34180
34181
34182
34183
34184
34186
34188
34193
34194
34203
34208
34209
34210
34212
34215
34217
34226
34231
34234
34242
34262
3440
3443
3451
3452
3453
3454
3456
3460
34606
3461
34702
34721
34777
34790
34811
34817
34821
34822
34830
34838
34865
34868
34893
3491
34921
34922
34923
34924
34937
3496
34961
34962
34963
34964
3497
3499
34997
35001
35002
35003
35004
35005
35006
35007
35008
35009
35012
35013
35015
35016
35017
35018
35019
35020
35021
35022
35024
35025
35026
35032
35049
3508
35101
35121
35129
35130
35140
35144
35153
35163
3517
35177
3518
35183
35184
35199
35200
35201
35202
35207
35209
35216
35217
35221
35225
35226
35227
35228
35243
35245
35246
35255
35259
35261
35263
35266
35267
3527
35274
35276
35287
35288
35289
35291
35292
35304
35306
35309
35310
35311
35312
35315
35326
35327
35328
35329
35330
35331
35333
35334
35336
35337
35338
35339
35351
35352
35357
35361
35365
35366
35367
35368
35369
35370
35371
35372
35373
35374
35375
35376
35393
35394
35396
35397
35398
35399
35403
35419
35420
35421
35422
35423
35424
35425
35426
35454
35458
35459
3547
35470
35487
35488
35490
3553
3554
3561
3566
3567
3568
3569
3570
35997
35998
36205
36307
3653
3677
3680
3682
37002
37005
37006
37012
3704
37110
37111
37114
37127
37132
37134
37137
37138
37139
3715
37153
37156
37157
37160
37164
37201
37212
37218
37229
3724
37259
37262
37263
37265
3727
37276
37277
37281
3737
37402
37403
37405
37408
37414
37417
3743
3744
37806
37808
3791
38007
38111
38113
38128
38130
38131
38145
3819
38220
38234
3824
38297
38298
3830
3840
3852
3858
3862
39010
39012
39019
39032
39033
39100
39106
39109
39119
39127
39129
39130
39132
39191
39219
39224
39226
39301
39394
39395
39403
39404
39412
3952
39604
39606
3961
39627
39628
39640
39643
39650
39651
39659
39696
39702
39712
3976
3978
3979
39896
39900
39901
39902
39903
39908
39910
39919
39922
39924
39934
39946
39965
39966
39973
39975
39980
39988
40009
40055
40114
40135
40143
40153
40159
40178
40179
40180
40200
4022
40229
40230
40231
40233
40234
40235
40241
40242
40244
40245
40246
40247
40248
40249
40250
40251
40252
40253
40254
40255
40256
40257
40259
40261
40262
40263
40264
40265
40266
40267
40268
40269
40275
40277
40279
40315
40317
40319
40326
40327
40328
40369
40370
40374
40375
40384
40385
40386
40387
40388
40389
40404
40413
40436
4046
4047
40506
40530
40537
40552
40560
40567
40571
40573
40583
4072
4073
40732
40740
40743
40744
40746
40752
4079
4099
4106
4109
4110
4111
41112
4112
41151
41152
41163
41258
41312
4141
41463
4152
4155
4156
4157
41685
41744
4176
41904
41905
41906
4193
4195
41971
42130
42186
42203
42204
42222
42252
42255
42286
42293
42294
42295
42296
42298
42302
42314
42318
42321
42371
42384
42385
4240
4241
42441
42477
42512
4265
4270
4283
4284
4285
4287
4288
43011
43022
43024
43025
43028
43032
43042
43044
43045
43047
43054
43055
43056
43057
43058
43060
43070
43075
43088
43089
43112
43113
43124
43204
43218
43223
43301
43307
43314
43315
43320
43329
43338
4334
43341
43347
43375
43420
43421
43474
43482
43484
43496
43504
43507
43508
4351
4353
43614
43621
43705
43802
43806
43810
43813
43818
43820
4384
43853
43861
43906
43914
43928
43931
43935
44000
44001
44019
44032
44102
44108
44110
44115
44116
44125
44127
44138
44210
44215
44216
44218
44232
44233
44262
44264
44265
44272
44273
44274
44275
44276
44277
44280
44281
44282
44283
44284
44285
44286
44289
44290
44296
44300
44301
44303
44304
44310
44313
44315
44316
44317
44318
44320
44321
44322
44323
44326
44329
44330
44331
44332
44335
44337
44338
44341
44342
44355
44356
44363
44365
44394
44398
44399
44400
44404
44413
44420
44506
44508
4487
4488
44907
44908
44909
4491
44910
44911
44912
44913
44914
44915
44924
4493
4494
44949
44973
4498
44981
44982
44983
44984
